# Image_ID qw qx qy qz tx ty tz Camera_ID Name
1 -0.4153537713693355 0.683097406426547 0.5903831686847442 0.1109364325925237 0.0 0.0 0.0 1 frame_0000.jpg
2 -0.41182445282845365 0.6881664048357206 0.5866804274995805 0.11239971217460129 0.0 0.0 0.0 1 frame_0001.jpg
3 -0.4052063574456503 0.6958752829144511 0.5811288757413592 0.11770568505363067 0.0 0.0 0.0 1 frame_0002.jpg
4 -0.3936212095245081 0.6982618380056511 0.5836177659872075 0.12993479988645887 0.0 0.0 0.0 1 frame_0003.jpg
5 -0.3914523947584943 0.6999138126780983 0.5817741155965082 0.13573708366599252 0.0 0.0 0.0 1 frame_0004.jpg
6 -0.3895387252558629 0.7058220073602299 0.5761948870224035 0.1344407959707637 0.0 0.0 0.0 1 frame_0005.jpg
7 -0.3973892280542125 0.7119910846255614 0.5645323485102883 0.12827207149513087 0.0 0.0 0.0 1 frame_0006.jpg
8 -0.40038732204880634 0.7135678307314011 0.5606896863050853 0.12703550275011008 0.0 0.0 0.0 1 frame_0007.jpg
9 -0.41795609994242877 0.7162611575280983 0.5475582000050343 0.1116363307560321 0.0 0.0 0.0 1 frame_0008.jpg
10 -0.4502994522407517 0.7052418813868793 0.5413956092077947 0.08218933252007116 0.0 0.0 0.0 1 frame_0009.jpg
11 -0.46813312382097294 0.7042738541069997 0.5296948145466467 0.06536910772898621 0.0 0.0 0.0 1 frame_0010.jpg
12 -0.47298814792032196 0.7175734825886555 0.5082839856395285 0.054935407114973106 0.0 0.0 0.0 1 frame_0011.jpg
13 -0.4828822900593989 0.7237889908659461 0.4904589604746269 0.049032629323691436 0.0 0.0 0.0 1 frame_0012.jpg
14 -0.48713819507592826 0.7220094853204604 0.4888382261478998 0.04935454043981927 0.0 0.0 0.0 1 frame_0013.jpg
15 -0.48484984950729476 0.7191484113713276 0.4947231996571306 0.05472788663798877 0.0 0.0 0.0 1 frame_0014.jpg
16 -0.48979615921090325 0.7132064909742079 0.4987101997852724 0.05219540482301505 0.0 0.0 0.0 1 frame_0015.jpg
17 -0.48901364965494004 0.7123727558014858 0.4995972687127264 0.06158957978210348 0.0 0.0 0.0 1 frame_0016.jpg
18 -0.49018083004579616 0.7111599053522235 0.5000979956342998 0.06226024122653534 0.0 0.0 0.0 1 frame_0017.jpg
19 -0.4802739715360874 0.7092611393510063 0.510459754410652 0.07560679598080437 0.0 0.0 0.0 1 frame_0018.jpg
20 -0.46660581707400045 0.705216138384237 0.5245386359287358 0.09903751336311971 0.0 0.0 0.0 1 frame_0019.jpg
21 -0.4400131074320418 0.7091691080203663 0.5387857041654572 0.11479375638304122 0.0 0.0 0.0 1 frame_0020.jpg
22 -0.4249866876241305 0.7104595058037982 0.546790453801689 0.12511516929067945 0.0 0.0 0.0 1 frame_0021.jpg
23 -0.41055472340358123 0.7029284694934465 0.5639799911525983 0.13879104958939095 0.0 0.0 0.0 1 frame_0022.jpg
24 -0.39199389594637185 0.6881409180527509 0.592564932581017 0.14720619252448883 0.0 0.0 0.0 1 frame_0023.jpg
25 -0.375483640462586 0.6848924695705016 0.6075942240860356 0.14409580052128987 0.0 0.0 0.0 1 frame_0024.jpg
26 -0.3643594024628734 0.6778737849014276 0.6201357925766326 0.15218724107382545 0.0 0.0 0.0 1 frame_0025.jpg
27 -0.35227590638242245 0.6773517658527798 0.626091013763489 0.1584497193533975 0.0 0.0 0.0 1 frame_0026.jpg
28 -0.3468904036447567 0.674067595787288 0.6312871779050088 0.16363503042274552 0.0 0.0 0.0 1 frame_0027.jpg
29 -0.3411835424157453 0.6596008363113313 0.6465682522702062 0.17455664489868863 0.0 0.0 0.0 1 frame_0028.jpg
30 -0.32547512286642405 0.6427110690765856 0.6667670297776933 0.19081444935578476 0.0 0.0 0.0 1 frame_0029.jpg
31 -0.30738535627726754 0.6349985692996072 0.681712716963846 0.1938010094491785 0.0 0.0 0.0 1 frame_0030.jpg
32 -0.28400998072802974 0.628128473460954 0.6975155168998912 0.19561455814522927 0.0 0.0 0.0 1 frame_0031.jpg
33 -0.2742223879598607 0.6114227681872645 0.713928269940264 0.20315192803396134 0.0 0.0 0.0 1 frame_0032.jpg
34 -0.2822082767348965 0.607383154624799 0.712149993265738 0.21044376710170562 0.0 0.0 0.0 1 frame_0033.jpg
35 -0.29166887946888354 0.5985480470884691 0.7109532915393455 0.2263071305224741 0.0 0.0 0.0 1 frame_0034.jpg
36 -0.2714159174335374 0.6024645196404849 0.7181466946700631 0.21825495933090333 0.0 0.0 0.0 1 frame_0035.jpg
37 -0.2668432911846893 0.6013253595022497 0.7127823801884989 0.2431948775406903 0.0 0.0 0.0 1 frame_0036.jpg
38 -0.26046008202595533 0.6071563282325239 0.7080689188902225 0.24931936318678471 0.0 0.0 0.0 1 frame_0037.jpg
39 -0.25245357759098186 0.6072225371948355 0.7039131261960667 0.2684293058759808 0.0 0.0 0.0 1 frame_0038.jpg
40 -0.24426473494354764 0.6032392283156313 0.6991229680880948 0.29608148907997084 0.0 0.0 0.0 1 frame_0039.jpg
41 -0.21474772845204992 0.6069183666438472 0.7037413808399284 0.3004689305877729 0.0 0.0 0.0 1 frame_0040.jpg
42 -0.21206673866880954 0.6089460762902035 0.7052421244333184 0.29469631902336396 0.0 0.0 0.0 1 frame_0041.jpg
43 -0.20059251446859522 0.6014602052593524 0.7031359693744926 0.3218820796508198 0.0 0.0 0.0 1 frame_0042.jpg
44 -0.17400344691203387 0.5923679525906628 0.7035969052928667 0.3518158667095306 0.0 0.0 0.0 1 frame_0043.jpg
45 -0.15085887030872194 0.6009722067540849 0.6769140568341577 0.397317716215404 0.0 0.0 0.0 1 frame_0044.jpg
46 -0.07124483274538727 0.6178909990514173 0.6758574233082081 0.3954132401140773 0.0 0.0 0.0 1 frame_0045.jpg
47 -0.033726088572298536 0.6121099035247435 0.6782953084493584 0.40509195436608286 0.0 0.0 0.0 1 frame_0046.jpg
48 -0.03874646939143574 0.5876684109589377 0.6849883067605447 0.42887710299340703 0.0 0.0 0.0 1 frame_0047.jpg
49 -0.03746374947162327 0.5696752052734787 0.6840561632004354 0.4540195960084177 0.0 0.0 0.0 1 frame_0048.jpg
50 -0.01440945482780375 0.5552884232032116 0.6745714561930388 0.4862103301634589 0.0 0.0 0.0 1 frame_0049.jpg
51 0.006448705456670789 0.5527614311510002 0.6770460236156711 0.48582084798415054 0.0 0.0 0.0 1 frame_0050.jpg
52 0.0257947606745745 0.5491191657972662 0.671094651291428 0.49742812655085406 0.0 0.0 0.0 1 frame_0051.jpg
53 0.05441541321375114 0.5504346666897907 0.6637855566055444 0.5034375585440001 0.0 0.0 0.0 1 frame_0052.jpg
54 0.07103535856698276 0.5558799532538159 0.6390483709083471 0.5268478291149952 0.0 0.0 0.0 1 frame_0053.jpg
55 0.08463066590843345 0.5649912750987123 0.6153110138110207 0.5431527094041603 0.0 0.0 0.0 1 frame_0054.jpg
56 0.09867754923855795 0.5724203714248266 0.5988044992868846 0.5513899085836799 0.0 0.0 0.0 1 frame_0055.jpg
57 0.12212424788059296 0.5869109062168251 0.5760014469767406 0.5557369785465475 0.0 0.0 0.0 1 frame_0056.jpg
58 0.14943988736049432 0.5903571165539357 0.5660837215350722 0.5556036493875903 0.0 0.0 0.0 1 frame_0057.jpg
59 0.16772294188716622 0.5987380709216955 0.5509896286599395 0.5565897648204313 0.0 0.0 0.0 1 frame_0058.jpg
60 0.18117935760372286 0.6130554389479881 0.5301973422665186 0.5569810117123491 0.0 0.0 0.0 1 frame_0059.jpg
61 0.19382612317115322 0.6387066039745127 0.49877951665462417 0.5529053280459192 0.0 0.0 0.0 1 frame_0060.jpg
62 0.20215223957117634 0.6513452643736237 0.4823329873445662 0.5497624104408 0.0 0.0 0.0 1 frame_0061.jpg
63 0.21172138260396314 0.6580209622559847 0.47295009676666533 0.5463521532385281 0.0 0.0 0.0 1 frame_0062.jpg
64 0.22742933724281653 0.6625892049796357 0.4619309946433339 0.5439404362552647 0.0 0.0 0.0 1 frame_0063.jpg
65 0.23408313137259631 0.6644100588731394 0.4539307314792018 0.5456292260260146 0.0 0.0 0.0 1 frame_0064.jpg
66 0.24345054880007963 0.6714237711144208 0.4528490748537703 0.5337130926588877 0.0 0.0 0.0 1 frame_0065.jpg
67 0.24938213374765175 0.6811705916290361 0.4496019483120949 0.521222854968185 0.0 0.0 0.0 1 frame_0066.jpg
68 0.25450448695295275 0.693489166183442 0.4490298335921863 0.5026653469766762 0.0 0.0 0.0 1 frame_0067.jpg
69 0.255674997435463 0.7064563411449364 0.4488607968241337 0.48381165634664997 0.0 0.0 0.0 1 frame_0068.jpg
70 0.2709412501630436 0.7170233265425024 0.45128938184021933 0.4569532601834497 0.0 0.0 0.0 1 frame_0069.jpg
71 0.2791088243198375 0.7232272992070689 0.4546648956513159 0.4385434648137229 0.0 0.0 0.0 1 frame_0070.jpg
72 0.28121418642946794 0.7307193478829606 0.4525572690741832 0.4268017504514602 0.0 0.0 0.0 1 frame_0071.jpg
73 0.29369927445333965 0.7381176187247975 0.4529107994031396 0.4047158569881163 0.0 0.0 0.0 1 frame_0072.jpg
74 0.306511238436704 0.7403040596014804 0.4515958026464374 0.39250731341171946 0.0 0.0 0.0 1 frame_0073.jpg
75 0.31172272618065755 0.7443936487119596 0.45018311236587405 0.38215468475523 0.0 0.0 0.0 1 frame_0074.jpg
76 0.3131353865718652 0.7451469663857859 0.45374759765265466 0.37525370855861456 0.0 0.0 0.0 1 frame_0075.jpg
77 0.32519887705912837 0.745636293810805 0.4518361279340723 0.3662189525476713 0.0 0.0 0.0 1 frame_0076.jpg
78 0.33623894553258515 0.7472579221381074 0.4457039438291594 0.3604122136722158 0.0 0.0 0.0 1 frame_0077.jpg
79 0.3508703160119506 0.7511335470712273 0.44214300059551365 0.3423419092519434 0.0 0.0 0.0 1 frame_0078.jpg
80 0.36450586132010765 0.7525333864718612 0.4418879855613982 0.32490612109495354 0.0 0.0 0.0 1 frame_0079.jpg
81 0.36301129048646763 0.747777536684854 0.43713723521861286 0.34345683308722874 0.0 0.0 0.0 1 frame_0080.jpg
82 0.3623396130207524 0.7376974868526657 0.4408186934286109 0.3608203185120329 0.0 0.0 0.0 1 frame_0081.jpg
83 0.35562827005729114 0.7317137408168726 0.44314335253694287 0.3764936973418757 0.0 0.0 0.0 1 frame_0082.jpg
